0	0	394	0.179	0	0:06:41.902404
100	2	2	1.91	1	0:06:41.444734
200	4	130	0.0233	0	0:06:42.120989
300	6	6	1.32	1	0:06:41.917395
400	8	8	1.68	1	0:06:40.790963
500	10	10	1.91	1	0:06:38.534932
600	12	-1	0.0	0	0:06:38.553936
700	14	14	1.91	1	0:06:39.794096
800	16	16	1.2	1	0:06:38.514064
900	18	18	0.118	1	0:06:39.141765
1000	20	20	1.74	1	0:06:39.760014
1100	22	21	1.3	0	0:06:39.801756
1200	24	24	1.91	1	0:06:38.347450
1300	26	26	0.00913	1	0:06:38.666612
1400	28	-1	0.0	0	0:06:39.414151
1500	30	30	1.34	1	0:06:41.323063
1600	32	103	0.56	0	0:06:41.403730
1700	34	336	0.189	0	0:06:41.289299
1800	36	35	1.19	0	0:06:40.548920
1900	38	44	1.38	0	0:06:42.092565
2000	40	-1	0.0	0	0:06:41.359892
2100	42	48	1.67	0	0:06:40.799701
2200	44	44	0.498	1	0:06:40.899797
2300	46	40	1.36	0	0:06:42.095922
2400	48	69	0.029	0	0:06:40.989352
2500	50	47	0.756	0	0:06:41.633748
2600	52	329	0.45	0	0:06:41.553807
2700	54	57	1.77	0	0:06:41.183670
2800	56	56	1.91	1	0:06:41.700113
2900	58	114	0.0107	0	0:06:40.717826
3000	60	62	0.798	0	0:06:41.499118
3100	62	61	1.61	0	0:06:43.245353
3200	64	64	1.82	1	0:06:42.361060
3300	66	42	0.614	0	0:06:42.180492
3400	68	111	1.69	0	0:06:43.588934
3500	70	70	1.91	1	0:06:42.643946
3600	72	72	1.86	1	0:06:41.716240
3700	74	78	1.13	0	0:06:42.831980
3800	76	76	0.33	1	0:06:43.724206
3900	78	78	1.34	1	0:06:44.207934
4000	80	80	1.91	1	0:06:41.868884
4100	82	82	1.69	1	0:06:42.724209
4200	84	84	1.11	1	0:06:42.886710
4300	86	86	1.24	1	0:06:44.095748
4400	88	88	0.57	1	0:06:44.131407
4500	90	90	1.91	1	0:06:41.997865
4600	92	92	0.709	1	0:06:42.606731
4700	94	94	1.91	1	0:05:46.808873
4800	96	96	1.91	1	0:04:02.804053
4900	98	98	0.596	1	0:04:02.453461
5000	100	100	1.91	1	0:04:02.619401
5100	102	102	1.91	1	0:04:02.142690
5200	104	104	0.701	1	0:04:02.402547
5300	106	106	1.34	1	0:04:02.328850
5400	108	470	0.905	0	0:04:02.501954
5500	110	110	1.9	1	0:04:02.320212
5600	112	112	0.981	1	0:04:02.573638
5700	114	113	1.46	0	0:04:02.367051
5800	116	116	1.8	1	0:04:03.019344
5900	118	118	1.42	1	0:04:02.737030
6000	120	-1	0.0	0	0:04:02.644884
6100	122	122	1.78	1	0:04:02.712926
6200	124	123	0.614	0	0:04:02.770663
6300	126	126	0.289	1	0:04:02.483430
6400	128	128	1.91	1	0:04:02.581470
6500	130	130	1.48	1	0:04:02.317745
6600	132	132	1.91	1	0:04:02.498416
6700	134	132	0.835	0	0:04:02.536447
6800	136	136	1.91	1	0:04:02.442172
6900	138	138	1.87	1	0:04:02.403486
7000	140	140	1.91	1	0:04:02.454118
7100	142	135	0.38	0	0:04:02.559324
7200	144	331	0.000991	0	0:04:02.309120
7300	146	-1	0.0	0	0:04:02.340289
7400	148	148	1.91	1	0:04:02.651483
7500	150	360	1.48	0	0:04:02.580140
7600	152	152	1.76	1	0:04:02.781236
7700	154	-1	0.0	0	0:04:02.197520
7800	156	156	1.84	1	0:04:02.252431
7900	158	158	0.892	1	0:04:02.401254
8000	160	160	1.74	1	0:04:02.555073
8100	162	162	1.53	1	0:04:02.281100
8200	164	217	0.354	0	0:04:02.583872
8300	166	166	1.03	1	0:04:02.644483
8400	168	-1	0.0	0	0:04:02.426432
8500	170	-1	0.0	0	0:04:02.274653
8600	172	172	0.531	1	0:04:02.491261
8700	174	174	0.517	1	0:04:02.661226
8800	176	176	1.19	1	0:04:02.208244
8900	178	178	1.91	1	0:04:02.469831
9000	180	243	0.936	0	0:04:02.364173
9100	182	760	0.192	0	0:04:02.336456
9200	184	-1	0.0	0	0:04:03.658895
9300	186	192	1.27	0	0:04:02.424375
9400	188	188	0.622	1	0:04:07.543465
9500	190	190	1.91	1	0:04:02.387807
9600	192	199	1.31	0	0:04:02.394717
9700	194	-1	0.0	0	0:04:02.585350
9800	196	199	1.81	0	0:04:01.945188
9900	198	198	0.449	1	0:04:02.415997
10000	200	-1	0.0	0	0:04:02.381562
10100	202	202	1.06	1	0:04:02.159082
10200	204	204	0.997	1	0:04:02.363840
10300	206	206	1.23	1	0:04:02.149590
10400	208	-1	0.0	0	0:04:02.147158
10500	210	210	1.23	1	0:04:02.185475
10600	212	177	0.233	0	0:04:02.479072
10700	214	-1	0.0	0	0:04:02.549201
10800	216	216	1.49	1	0:04:02.226811
10900	218	218	1.91	1	0:04:02.248088
11000	220	220	1.49	1	0:04:02.310030
11100	222	-1	0.0	0	0:04:02.257079
11200	224	233	0.0202	0	0:04:02.404984
11300	226	226	1.66	1	0:04:02.187006
11400	228	228	1.32	1	0:04:02.637614
11500	230	231	0.738	0	0:04:02.485678
11600	232	232	1.19	1	0:04:02.716384
11700	234	234	0.271	1	0:04:02.391899
11800	236	234	0.103	0	0:04:02.614725
11900	238	238	1.16	1	0:04:02.387807
12000	240	238	1.9	0	0:04:02.563723
12100	242	242	0.654	1	0:04:02.381565
12200	244	244	1.91	1	0:04:02.434188
12300	246	-1	0.0	0	0:04:02.191262
12400	248	-1	0.0	0	0:04:02.295271
12500	250	-1	0.0	0	0:04:02.148309
12600	252	252	0.242	1	0:04:02.435536
12700	254	245	0.247	0	0:04:02.388807
12800	256	256	1.75	1	0:04:02.527751
12900	258	258	0.741	1	0:04:01.816115
13000	260	260	1.07	1	0:04:02.213789
13100	262	262	1.91	1	0:04:01.649404
13200	264	195	0.0285	0	0:04:02.018329
13300	266	266	1.69	1	0:04:01.764489
13400	268	268	1.91	1	0:04:02.197322
13500	270	270	1.87	1	0:04:02.104156
13600	272	277	0.572	0	0:04:02.467996
13700	274	274	1.91	1	0:04:02.053526
13800	276	276	1.91	1	0:04:02.160019
13900	278	277	1.24	0	0:04:05.156431
14000	280	280	1.74	1	0:04:04.955283
14100	282	-1	0.0	0	0:04:02.716004
14200	284	284	1.91	1	0:04:02.240272
14300	286	286	1.91	1	0:04:05.823026
14400	288	288	1.82	1	0:04:15.482507
14500	290	290	1.91	1	0:04:18.310825
14600	292	290	1.78	0	0:05:03.034755
14700	294	294	1.91	1	0:04:55.882910
14800	296	296	0.505	1	0:04:35.638722
14900	298	649	0.0252	0	0:04:16.386927
15000	300	300	1.91	1	0:06:26.914587
15100	302	310	0.292	0	0:06:41.761719
15200	304	989	0.0813	0	0:06:50.287425
15300	306	306	0.929	1	0:06:42.553925
15400	308	308	0.456	1	0:06:39.370164
15500	310	310	1.91	1	0:06:39.144891
15600	312	-1	0.0	0	0:06:42.514034
15700	314	314	0.0668	1	0:06:52.248848
15800	316	316	1.91	1	0:06:41.140504
15900	318	318	1.2	1	0:06:40.779500
16000	320	320	1.91	1	0:06:39.408396
16100	322	322	1.59	1	0:06:39.230768
16200	324	324	1.91	1	0:06:39.593898
16300	326	326	1.74	1	0:06:37.818352
16400	328	328	1.91	1	0:06:40.574241
16500	330	-1	0.0	0	0:06:40.867584
16600	332	333	0.463	0	0:06:39.900426
16700	334	334	1.47	1	0:06:39.423373
16800	336	336	0.426	1	0:06:37.746176
16900	338	-1	0.0	0	0:06:38.224962
17000	340	340	1.91	1	0:06:39.797864
17100	342	373	0.388	0	0:06:38.886514
17200	344	344	0.95	1	0:06:38.137335
17300	346	346	0.00119	1	0:06:40.103809
17400	348	348	1.87	1	0:06:39.274782
17500	350	350	1.91	1	0:06:39.822285
17600	352	352	1.38	1	0:06:39.044072
17700	354	354	1.48	1	0:06:40.913714
17800	356	358	0.327	0	0:06:39.264076
17900	358	359	1.5	0	0:06:39.399064
18000	360	360	1.78	1	0:06:40.087610
18100	362	362	1.91	1	0:06:40.069239
18200	364	364	1.78	1	0:06:40.526373
18300	366	366	0.524	1	0:06:41.465410
18400	368	368	1.31	1	0:06:42.617376
18500	370	370	1.9	1	0:06:38.160474
18600	372	372	1.1	1	0:06:39.109905
18700	374	367	0.372	0	0:06:39.657231
18800	376	376	1.37	1	0:06:41.943072
18900	378	378	0.136	1	0:06:39.375309
19000	380	380	1.16	1	0:06:41.246269
19100	382	382	1.91	1	0:06:41.126006
19200	384	-1	0.0	0	0:06:39.294567
19300	386	386	0.825	1	0:06:40.730267
19400	388	388	1.74	1	0:06:38.899297
19500	390	390	1.83	1	0:06:40.611764
19600	392	397	1.41	0	0:06:40.671905
19700	394	395	0.186	0	0:06:39.925436
19800	396	396	1.91	1	0:06:37.878433
19900	398	398	1.83	1	0:06:39.719869
20000	400	400	0.372	1	0:06:39.689486
20100	402	990	0.093	0	0:06:38.061965
20200	404	404	1.91	1	0:06:40.736837
20300	406	406	0.856	1	0:06:40.797913
20400	408	847	0.65	0	0:06:39.353161
20500	410	849	0.0435	0	0:06:40.014823
20600	412	412	1.35	1	0:06:39.745102
20700	414	414	1.46	1	0:06:40.911361
20800	416	416	1.84	1	0:06:39.551122
20900	418	563	1.5	0	0:06:40.824920
21000	420	420	0.825	1	0:06:38.755787
21100	422	-1	0.0	0	0:06:40.120003
21200	424	424	0.74	1	0:06:39.629499
21300	426	426	1.91	1	0:06:39.465857
21400	428	428	1.84	1	0:06:40.597451
21500	430	430	0.867	1	0:06:39.261098
21600	432	432	1.91	1	0:06:39.769672
21700	434	-1	0.0	0	0:06:40.284278
21800	436	436	1.91	1	0:06:39.793365
21900	438	647	0.28	0	0:06:40.100767
22000	440	-1	0.0	0	0:06:39.261770
22100	442	442	1.87	1	0:06:38.574908
22200	444	490	0.08	0	0:06:50.160152
22300	446	446	1.32	1	0:06:42.051594
22400	448	448	0.24	1	0:06:37.542763
22500	450	-1	0.0	0	0:06:38.179388
22600	452	452	1.29	1	0:06:39.416437
22700	454	454	1.7	1	0:06:40.151248
22800	456	522	1.7	0	0:06:39.796221
22900	458	458	0.63	1	0:06:38.092456
23000	460	978	0.579	0	0:06:41.391321
23100	462	462	0.289	1	0:06:40.506217
23200	464	674	0.546	0	0:06:41.317631
23300	466	466	1.91	1	0:06:38.239825
23400	468	468	1.91	1	0:06:39.376897
23500	470	832	0.988	0	0:06:38.881275
23600	472	472	1.9	1	0:06:38.262564
23700	474	735	0.828	0	0:06:40.029302
23800	476	476	1.32	1	0:06:41.308901
23900	478	526	1.19	0	0:06:39.635983
24000	480	877	0.162	0	0:06:37.777962
24100	482	788	1.25	0	0:06:39.335626
24200	484	871	1.85	0	0:06:41.603955
24300	486	889	1.36	0	0:06:39.733352
24400	488	649	0.551	0	0:06:41.024934
24500	490	490	0.538	1	0:06:41.367655
24600	492	492	1.04	1	0:06:39.437666
24700	494	543	0.326	0	0:06:40.245433
24800	496	411	0.259	0	0:06:40.692770
24900	498	498	1.91	1	0:06:39.242517
25000	500	500	1.91	1	0:06:39.646581
25100	502	502	1.65	1	0:06:38.017220
25200	504	470	0.342	0	0:06:40.213165
25300	506	506	1.47	1	0:06:38.000815
25400	508	508	1.91	1	0:06:39.309403
25500	510	510	1.91	1	0:06:37.868103
25600	512	589	0.488	0	0:06:39.219167
25700	514	514	1.91	1	0:06:37.961648
25800	516	-1	0.0	0	0:06:38.000751
25900	518	518	1.91	1	0:06:37.977279
26000	520	520	1.7	1	0:06:39.240153
26100	522	522	1.66	1	0:06:39.271415
26200	524	728	0.203	0	0:06:39.787584
26300	526	526	0.629	1	0:06:41.464641
26400	528	478	0.0441	0	0:06:39.188740
26500	530	531	0.485	0	0:06:37.777324
26600	532	846	0.304	0	0:06:38.351954
26700	534	-1	0.0	0	0:06:37.946892
26800	536	403	1.1	0	0:06:37.922562
26900	538	538	1.91	1	0:06:37.347989
27000	540	540	1.84	1	0:06:37.028517
27100	542	477	0.367	0	0:06:38.684698
27200	544	926	0.656	0	0:06:40.258206
27300	546	546	1.91	1	0:06:38.577699
27400	548	548	1.87	1	0:06:38.776386
27500	550	550	1.44	1	0:06:38.590317
27600	552	552	1.91	1	0:06:38.357340
27700	554	554	1.43	1	0:06:40.684026
27800	556	703	0.341	0	0:06:38.060532
27900	558	-1	0.0	0	0:06:39.460582
28000	560	-1	0.0	0	0:06:39.571933
28100	562	562	1.91	1	0:06:39.573235
28200	564	669	0.604	0	0:06:39.641466
28300	566	566	0.965	1	0:06:39.175829
28400	568	399	1.17	0	0:06:40.884079
28500	570	613	0.207	0	0:06:41.671091
28600	572	-1	0.0	0	0:06:38.015603
28700	574	574	1.91	1	0:06:39.609087
28800	576	972	0.133	0	0:06:40.731718
28900	578	578	1.38	1	0:06:39.848428
29000	580	738	1.17	0	0:06:40.846564
29100	582	-1	0.0	0	0:06:43.500506
29200	584	732	1.02	0	0:06:42.299643
29300	586	586	1.46	1	0:06:39.253113
29400	588	588	1.76	1	0:06:41.798941
29500	590	590	1.87	1	0:06:39.368441
29600	592	592	1.11	1	0:06:41.566226
29700	594	-1	0.0	0	0:06:39.648013
29800	596	825	0.0818	0	0:06:43.136940
29900	598	598	0.417	1	0:06:40.370776
30000	600	517	0.683	0	0:06:41.188095
30100	602	602	1.91	1	0:06:41.520657
30200	604	-1	0.0	0	0:06:40.023798
30300	606	606	1.91	1	0:06:40.171785
30400	608	523	0.161	0	0:06:41.183371
30500	610	610	0.723	1	0:06:42.368418
30600	612	612	1.91	1	0:06:39.506967
30700	614	614	1.25	1	0:06:41.018722
30800	616	-1	0.0	0	0:06:39.967435
30900	618	-1	0.0	0	0:06:41.164453
31000	620	762	0.359	0	0:06:43.198892
31100	622	622	1.91	1	0:06:40.697104
31200	624	-1	0.0	0	0:06:40.472317
31300	626	692	0.486	0	0:06:42.491098
31400	628	624	0.296	0	0:06:39.955991
31500	630	703	1.14	0	0:06:41.590715
31600	632	632	1.77	1	0:06:40.967454
31700	634	489	1.91	0	0:06:42.978574
31800	636	636	1.47	1	0:06:40.506353
31900	638	638	0.579	1	0:06:41.041299
32000	640	640	1.91	1	0:06:40.705927
32100	642	642	1.91	1	0:06:41.796446
32200	644	644	1.81	1	0:06:39.757375
32300	646	646	1.91	1	0:06:40.452846
32400	648	553	0.502	0	0:06:40.685724
32500	650	546	0.213	0	0:06:40.505551
32600	652	652	0.669	1	0:06:42.558415
32700	654	656	0.629	0	0:06:43.950694
32800	656	656	0.811	1	0:06:40.654947
32900	658	658	1.91	1	0:06:39.654798
33000	660	660	1.72	1	0:06:39.060849
33100	662	742	0.332	0	0:06:42.322887
33200	664	851	1.42	0	0:06:39.843888
33300	666	659	1.69	0	0:06:40.908579
33400	668	124	0.514	0	0:06:42.568331
33500	670	670	1.37	1	0:06:41.404292
33600	672	979	0.0452	0	0:06:41.130719
33700	674	-1	0.0	0	0:06:41.714334
33800	676	-1	0.0	0	0:06:41.696775
33900	678	678	1.87	1	0:06:41.466937
34000	680	-1	0.0	0	0:06:41.687610
34100	682	682	1.62	1	0:06:40.897578
34200	684	684	1.87	1	0:06:43.055595
34300	686	686	0.147	1	0:06:42.458117
34400	688	688	1.91	1	0:06:40.727926
34500	690	690	1.66	1	0:06:43.085278
34600	692	781	0.151	0	0:06:42.341581
34700	694	694	1.91	1	0:06:42.334599
34800	696	-1	0.0	0	0:06:40.536403
34900	698	663	1.9	0	0:06:40.750654
35000	700	831	0.894	0	0:06:38.270227
35100	702	602	0.999	0	0:06:40.259045
35200	704	704	0.394	1	0:06:38.933631
35300	706	706	0.227	1	0:06:42.470518
35400	708	682	1.24	0	0:06:40.940366
35500	710	710	0.178	1	0:06:39.537339
35600	712	891	0.436	0	0:06:39.853953
35700	714	714	1.91	1	0:06:42.160341
35800	716	716	1.59	1	0:06:39.487533
35900	718	449	0.919	0	0:06:41.424950
36000	720	951	1.66	0	0:06:43.077938
36100	722	722	1.91	1	0:06:40.462107
36200	724	780	1.91	0	0:06:40.632855
36300	726	726	1.91	1	0:06:42.237633
36400	728	728	1.58	1	0:06:41.193764
36500	730	730	0.179	1	0:06:40.213171
36600	732	732	1.59	1	0:06:39.473599
36700	734	734	1.91	1	0:06:40.179261
36800	736	736	1.91	1	0:06:39.501960
36900	738	738	1.34	1	0:06:39.657504
37000	740	617	0.5	0	0:06:38.711642
37100	742	-1	0.0	0	0:06:41.557850
37200	744	657	0.849	0	0:06:41.614519
37300	746	746	1.91	1	0:06:41.472222
37400	748	748	0.722	1	0:06:39.650965
37500	750	208	0.515	0	0:06:41.367672
37600	752	765	1.07	0	0:06:40.943701
37700	754	627	0.532	0	0:06:41.130477
37800	756	756	1.39	1	0:06:40.147635
37900	758	758	0.311	1	0:06:39.921121
38000	760	799	0.265	0	0:06:39.364382
38100	762	762	1.4	1	0:06:40.853898
38200	764	650	0.538	0	0:06:42.279868
38300	766	766	1.41	1	0:06:41.600842
38400	768	768	0.428	1	0:06:43.050096
38500	770	770	0.0876	1	0:06:41.291122
38600	772	772	0.368	1	0:06:39.973377
38700	774	774	1.26	1	0:06:40.428447
38800	776	875	1.08	0	0:06:41.433425
38900	778	-1	0.0	0	0:06:41.585714
39000	780	484	0.274	0	0:06:40.173100
39100	782	664	1.78	0	0:06:40.826077
39200	784	828	0.703	0	0:06:41.942015
39300	786	-1	0.0	0	0:06:41.566411
39400	788	422	0.287	0	0:06:40.844946
39500	790	791	0.691	0	0:06:42.642934
39600	792	792	0.146	1	0:06:41.130591
39700	794	794	1.59	1	0:06:41.769340
39800	796	796	1.91	1	0:06:42.398387
39900	798	798	1.87	1	0:06:40.906849
40000	800	800	1.91	1	0:06:40.536314
40100	802	-1	0.0	0	0:06:42.767156
40200	804	804	0.162	1	0:06:40.950387
40300	806	806	1.91	1	0:06:40.782735
40400	808	502	0.313	0	0:06:40.160418
40500	810	0	nan	0	0:06:43.135940
40600	812	812	1.91	1	0:06:41.285497
40700	814	554	0.714	0	0:06:40.580962
40800	816	816	1.91	1	0:06:38.853890
40900	818	-1	0.0	0	0:06:39.448138
41000	820	820	0.463	1	0:06:41.998882
41100	822	822	1.91	1	0:06:40.087514
41200	824	824	1.29	1	0:06:38.648260
41300	826	826	1.22	1	0:06:38.931398
41400	828	633	0.557	0	0:06:40.430865
41500	830	830	0.66	1	0:06:38.850080
41600	832	832	1.26	1	0:06:40.698923
41700	834	834	1.91	1	0:06:39.300294
41800	836	-1	0.0	0	0:06:39.716179
41900	838	631	0.922	0	0:06:39.136118
42000	840	840	1.73	1	0:06:37.934096
42100	842	842	0.478	1	0:06:38.503402
42200	844	844	1.91	1	0:06:41.304474
42300	846	846	0.259	1	0:06:40.335575
42400	848	598	0.892	0	0:06:41.427999
42500	850	850	0.701	1	0:06:40.565884
42600	852	852	1.91	1	0:06:43.053638
42700	854	854	0.546	1	0:06:41.471695
42800	856	856	1.19	1	0:06:39.835944
42900	858	448	0.541	0	0:06:41.150047
43000	860	-1	0.0	0	0:06:39.959662
43100	862	862	1.18	1	0:06:42.143837
43200	864	-1	0.0	0	0:06:40.445973
43300	866	-1	0.0	0	0:06:40.294079
43400	868	967	0.735	0	0:06:41.512226
43500	870	870	0.961	1	0:06:39.104577
43600	872	840	1.44	0	0:06:39.019074
43700	874	874	1.91	1	0:06:41.337086
43800	876	648	0.857	0	0:06:41.756513
43900	878	-1	0.0	0	0:06:40.294044
44000	880	870	0.624	0	0:06:39.594775
44100	882	-1	0.0	0	0:06:43.352848
44200	884	884	1.77	1	0:06:40.089770
44300	886	886	1.14	1	0:06:41.807297
44400	888	718	1.32	0	0:06:41.505400
44500	890	890	1.27	1	0:06:38.924161
44600	892	442	0.426	0	0:06:41.248583
44700	894	894	1.84	1	0:06:39.490381
44800	896	896	0.802	1	0:06:39.657913
44900	898	458	0.607	0	0:06:40.371328
45000	900	900	1.91	1	0:06:42.866394
45100	902	902	1.91	1	0:06:41.006851
45200	904	905	1.62	0	0:06:40.167250
45300	906	906	1.81	1	0:06:40.043551
45400	908	895	1.25	0	0:06:43.374512
45500	910	641	1.41	0	0:06:41.444274
45600	912	912	0.835	1	0:06:43.639256
45700	914	914	1.68	1	0:06:40.522071
45800	916	916	1.91	1	0:06:39.285273
45900	918	918	1.91	1	0:06:38.718853
46000	920	920	0.00607	1	0:06:38.929139
46100	922	922	1.91	1	0:06:37.856349
46200	924	924	1.67	1	0:06:38.774562
46300	926	926	1.91	1	0:06:39.613230
46400	928	-1	0.0	0	0:06:39.200628
46500	930	964	0.796	0	0:06:38.212985
46600	932	932	0.988	1	0:06:37.411889
46700	934	937	0.299	0	0:06:39.163054
46800	936	936	1.5	1	0:06:38.554200
46900	938	937	1.29	0	0:06:38.437701
47000	940	940	1.34	1	0:06:39.759536
47100	942	942	1.91	1	0:06:38.544410
47200	944	946	1.91	0	0:06:39.467442
47300	946	946	1.91	1	0:06:40.149812
47400	948	948	1.91	1	0:06:40.659006
47500	950	950	1.91	1	0:06:39.310109
47600	952	90	1.91	0	0:06:40.413799
47700	954	955	0.165	0	0:06:39.345122
47800	956	956	1.66	1	0:06:41.870243
47900	958	663	0.883	0	0:06:38.902819
48000	960	960	0.551	1	0:06:44.221379
48100	962	962	0.705	1	0:06:43.793272
48200	964	964	0.241	1	0:06:43.091938
48300	966	-1	0.0	0	0:06:41.900314
48400	968	968	1.04	1	0:06:40.314322
48500	970	795	1.66	0	0:06:42.350135
48600	972	979	1.54	0	0:06:40.183627
48700	974	974	1.91	1	0:06:40.502638
48800	976	972	0.363	0	0:06:41.473230
48900	978	-1	0.0	0	0:06:41.039768
49000	980	980	1.91	1	0:06:40.321874
49100	982	982	1.91	1	0:06:41.538125
49200	984	984	1.91	1	0:06:40.703391
49300	986	986	1.91	1	0:06:42.206485
49400	988	112	0.25	0	0:06:41.099016
49500	990	990	0.244	1	0:06:42.784019
49600	992	992	1.69	1	0:06:40.705914
49700	994	994	1.91	1	0:06:41.051800
49800	996	996	0.328	1	0:06:39.285461
49900	998	0	nan	0	0:06:41.500881
