0	0	0	0.263	1	0:06:41.460002
100	2	2	0.953	1	0:06:41.489867
200	4	395	0.147	0	0:06:44.703721
300	6	6	0.953	1	0:06:39.832523
400	8	8	0.953	1	0:06:40.052084
500	10	10	0.935	1	0:06:38.789418
600	12	12	0.146	1	0:06:41.644995
700	14	14	0.953	1	0:06:49.136939
800	16	16	0.953	1	0:06:43.250752
900	18	18	0.224	1	0:06:40.947735
1000	20	20	0.953	1	0:06:39.342626
1100	22	21	0.378	0	0:06:39.125326
1200	24	24	0.953	1	0:06:39.427066
1300	26	26	0.558	1	0:06:37.764429
1400	28	28	0.0709	1	0:06:40.479551
1500	30	30	0.481	1	0:06:41.058174
1600	32	-1	0.0	0	0:06:39.335294
1700	34	327	0.164	0	0:06:39.576437
1800	36	35	0.746	0	0:06:37.295136
1900	38	38	0.29	1	0:06:38.533989
2000	40	31	0.233	0	0:06:39.343569
2100	42	48	0.905	0	0:06:39.117753
2200	44	44	0.773	1	0:06:39.298255
2300	46	46	0.743	1	0:06:38.701523
2400	48	48	0.278	1	0:06:38.962649
2500	50	50	0.771	1	0:06:39.639112
2600	52	52	0.582	1	0:06:39.150204
2700	54	57	0.953	0	0:06:40.734951
2800	56	56	0.594	1	0:06:38.985054
2900	58	-1	0.0	0	0:06:39.269599
3000	60	62	0.581	0	0:06:40.305503
3100	62	62	0.764	1	0:06:39.701541
3200	64	64	0.728	1	0:06:41.348533
3300	66	63	0.237	0	0:06:40.428319
3400	68	111	0.0833	0	0:06:42.478125
3500	70	70	0.953	1	0:06:37.935050
3600	72	72	0.953	1	0:06:38.637444
3700	74	74	0.723	1	0:06:40.140116
3800	76	76	0.705	1	0:06:42.021549
3900	78	78	0.735	1	0:06:38.974417
4000	80	80	0.953	1	0:06:41.063142
4100	82	82	0.953	1	0:06:41.203978
4200	84	84	0.547	1	0:06:39.485996
4300	86	86	0.855	1	0:06:39.844970
4400	88	88	0.169	1	0:06:39.051534
4500	90	90	0.841	1	0:06:40.532225
4600	92	92	0.633	1	0:06:40.343697
4700	94	94	0.953	1	0:06:39.767657
4800	96	96	0.953	1	0:06:37.959257
4900	98	98	0.822	1	0:06:39.488243
5000	100	100	0.953	1	0:06:39.423399
5100	102	102	0.953	1	0:06:38.098954
5200	104	342	0.298	0	0:06:40.840033
5300	106	106	0.642	1	0:06:40.236308
5400	108	470	0.426	0	0:06:39.894997
5500	110	110	0.953	1	0:06:39.668636
5600	112	112	0.898	1	0:06:39.972600
5700	114	113	0.598	0	0:06:40.591101
5800	116	116	0.953	1	0:06:40.824404
5900	118	118	0.882	1	0:06:39.649878
6000	120	119	0.172	0	0:06:39.174359
6100	122	122	0.953	1	0:06:39.846762
6200	124	123	0.2	0	0:06:39.754053
6300	126	126	0.674	1	0:06:39.834765
6400	128	128	0.953	1	0:06:40.712472
6500	130	130	0.953	1	0:06:38.996609
6600	132	132	0.953	1	0:06:39.673781
6700	134	132	0.331	0	0:06:40.882262
6800	136	136	0.953	1	0:06:39.902467
6900	138	138	0.953	1	0:06:41.025923
7000	140	140	0.953	1	0:06:37.832435
7100	142	142	0.913	1	0:06:39.184241
7200	144	144	0.935	1	0:06:45.247805
7300	146	146	0.185	1	0:06:39.964849
7400	148	148	0.953	1	0:06:37.941052
7500	150	360	0.634	0	0:06:38.558306
7600	152	152	0.912	1	0:06:38.995818
7700	154	154	0.953	1	0:06:40.548605
7800	156	156	0.953	1	0:06:39.509054
7900	158	158	0.813	1	0:06:38.647283
8000	160	160	0.953	1	0:06:41.037698
8100	162	162	0.826	1	0:06:40.388514
8200	164	164	0.286	1	0:06:41.425833
8300	166	166	0.953	1	0:06:37.540838
8400	168	211	0.18	0	0:06:39.820591
8500	170	172	0.457	0	0:06:38.308534
8600	172	172	0.751	1	0:06:38.537142
8700	174	174	0.781	1	0:06:40.337681
8800	176	176	0.527	1	0:06:41.053267
8900	178	178	0.953	1	0:06:39.454444
9000	180	243	0.626	0	0:06:38.020149
9100	182	182	0.115	1	0:06:39.364350
9200	184	-1	0.0	0	0:06:41.338869
9300	186	192	0.793	0	0:06:39.993353
9400	188	188	0.433	1	0:06:41.612926
9500	190	190	0.953	1	0:06:41.077913
9600	192	199	0.749	0	0:06:39.273571
9700	194	202	0.0592	0	0:06:40.585750
9800	196	199	0.953	0	0:06:40.410224
9900	198	196	0.508	0	0:06:39.301589
10000	200	200	0.881	1	0:06:39.456903
10100	202	202	0.953	1	0:06:38.063942
10200	204	204	0.675	1	0:06:40.183060
10300	206	206	0.953	1	0:06:38.335734
10400	208	208	0.422	1	0:06:40.046250
10500	210	210	0.617	1	0:06:37.235260
10600	212	212	0.309	1	0:06:39.018491
10700	214	214	0.613	1	0:06:38.606548
10800	216	216	0.898	1	0:06:38.242085
10900	218	218	0.953	1	0:06:37.550647
11000	220	220	0.715	1	0:06:39.462918
11100	222	222	0.0844	1	0:06:39.263585
11200	224	233	0.192	0	0:06:39.813943
11300	226	226	0.783	1	0:06:41.552050
11400	228	228	0.953	1	0:06:39.068914
11500	230	230	0.672	1	0:06:37.746454
11600	232	232	0.953	1	0:06:38.404373
11700	234	234	0.571	1	0:06:38.220835
11800	236	234	0.00835	0	0:06:37.984791
11900	238	238	0.917	1	0:06:36.946630
12000	240	238	0.879	0	0:06:37.217340
12100	242	242	0.834	1	0:06:38.969680
12200	244	244	0.953	1	0:06:40.053728
12300	246	251	0.665	0	0:06:38.572643
12400	248	-1	0.0	0	0:06:38.653044
12500	250	169	0.303	0	0:06:38.585305
12600	252	252	0.799	1	0:06:38.569994
12700	254	254	0.295	1	0:06:40.527287
12800	256	256	0.953	1	0:06:38.073327
12900	258	258	0.654	1	0:06:39.773450
13000	260	260	0.676	1	0:06:40.003110
13100	262	262	0.953	1	0:06:39.110056
13200	264	264	0.388	1	0:06:39.478121
13300	266	266	0.22	1	0:06:39.650050
13400	268	268	0.953	1	0:06:40.911547
13500	270	270	0.953	1	0:06:41.190298
13600	272	274	0.376	0	0:06:38.868149
13700	274	274	0.953	1	0:06:38.800019
13800	276	276	0.953	1	0:06:40.931555
13900	278	278	0.922	1	0:06:39.765984
14000	280	280	0.795	1	0:06:40.937348
14100	282	282	0.947	1	0:06:43.595136
14200	284	284	0.953	1	0:06:42.319843
14300	286	286	0.953	1	0:06:39.527491
14400	288	288	0.868	1	0:06:42.133020
14500	290	290	0.953	1	0:06:38.878261
14600	292	290	0.847	0	0:06:41.951571
14700	294	294	0.722	1	0:06:40.213896
14800	296	296	0.71	1	0:06:42.722430
14900	298	-1	0.0	0	0:06:40.578117
15000	300	300	0.953	1	0:06:41.361724
15100	302	302	0.142	1	0:06:41.222131
15200	304	301	0.953	0	0:06:40.549268
15300	306	306	0.953	1	0:06:40.385587
15400	308	308	0.886	1	0:06:41.995319
15500	310	310	0.953	1	0:06:41.639318
15600	312	-1	0.0	0	0:06:39.946892
15700	314	314	0.877	1	0:06:40.692555
15800	316	316	0.953	1	0:06:39.578074
15900	318	318	0.594	1	0:06:41.240252
16000	320	320	0.953	1	0:06:43.353258
16100	322	322	0.844	1	0:06:40.980725
16200	324	324	0.953	1	0:06:40.258210
16300	326	326	0.953	1	0:06:42.728032
16400	328	328	0.953	1	0:06:40.321202
16500	330	330	0.667	1	0:06:42.388263
16600	332	153	0.0558	0	0:06:39.967138
16700	334	334	0.953	1	0:06:42.973787
16800	336	336	0.892	1	0:06:40.683724
16900	338	617	0.583	0	0:06:41.014073
17000	340	340	0.953	1	0:06:40.693324
17100	342	287	0.298	0	0:06:41.793003
17200	344	344	0.953	1	0:06:39.682984
17300	346	344	0.227	0	0:06:40.627393
17400	348	348	0.913	1	0:06:40.341319
17500	350	350	0.953	1	0:06:40.458123
17600	352	352	0.898	1	0:06:43.210189
17700	354	354	0.953	1	0:06:43.700306
17800	356	-1	0.0	0	0:06:40.891262
17900	358	359	0.275	0	0:06:39.516544
18000	360	360	0.953	1	0:06:38.938825
18100	362	362	0.953	1	0:06:43.191263
18200	364	364	0.811	1	0:06:39.058095
18300	366	366	0.52	1	0:06:41.134994
18400	368	368	0.953	1	0:06:43.151971
18500	370	370	0.953	1	0:06:41.212593
18600	372	372	0.614	1	0:06:41.439167
18700	374	374	0.0258	1	0:06:40.986264
18800	376	376	0.842	1	0:06:41.996477
18900	378	378	0.344	1	0:06:41.106809
19000	380	380	0.935	1	0:06:42.250637
19100	382	382	0.953	1	0:06:40.904589
19200	384	-1	0.0	0	0:06:43.072147
19300	386	101	0.698	0	0:06:42.299073
19400	388	388	0.659	1	0:06:40.441137
19500	390	390	0.921	1	0:06:43.180636
19600	392	397	0.714	0	0:06:43.380435
19700	394	-1	0.0	0	0:06:41.640971
19800	396	396	0.953	1	0:06:40.119953
19900	398	398	0.953	1	0:06:40.596693
20000	400	400	0.614	1	0:06:38.237629
20100	402	402	0.322	1	0:06:39.971599
20200	404	404	0.953	1	0:06:39.311853
20300	406	406	0.718	1	0:06:42.626628
20400	408	847	0.674	0	0:06:40.878416
20500	410	410	0.152	1	0:06:39.605089
20600	412	412	0.456	1	0:06:41.339013
20700	414	414	0.592	1	0:06:42.170714
20800	416	416	0.953	1	0:06:38.266796
20900	418	563	0.953	0	0:06:41.651651
21000	420	420	0.437	1	0:06:43.435864
21100	422	422	0.433	1	0:06:41.329601
21200	424	-1	0.0	0	0:06:40.893273
21300	426	426	0.953	1	0:06:41.270801
21400	428	428	0.953	1	0:06:41.334694
21500	430	430	0.651	1	0:06:40.289706
21600	432	432	0.953	1	0:06:38.708799
21700	434	-1	0.0	0	0:06:40.331280
21800	436	436	0.953	1	0:06:39.587469
21900	438	438	0.48	1	0:06:39.990750
22000	440	737	0.159	0	0:06:38.442659
22100	442	442	0.953	1	0:06:41.403974
22200	444	-1	0.0	0	0:06:41.968553
22300	446	446	0.935	1	0:06:41.492341
22400	448	448	0.747	1	0:06:40.094861
22500	450	407	0.219	0	0:06:41.082868
22600	452	452	0.935	1	0:06:40.989048
22700	454	454	0.953	1	0:06:40.810458
22800	456	-1	0.0	0	0:06:40.354335
22900	458	458	0.935	1	0:06:40.234271
23000	460	978	0.233	0	0:06:40.295502
23100	462	462	0.953	1	0:06:39.839667
23200	464	439	0.66	0	0:06:43.203432
23300	466	466	0.953	1	0:06:40.824236
23400	468	468	0.953	1	0:06:43.380001
23500	470	624	0.122	0	0:06:41.235384
23600	472	472	0.953	1	0:06:39.430507
23700	474	841	0.201	0	0:06:41.971054
23800	476	476	0.953	1	0:06:40.539984
23900	478	478	0.629	1	0:06:41.690294
24000	480	509	0.622	0	0:06:40.040749
24100	482	481	0.426	0	0:06:41.915450
24200	484	871	0.951	0	0:06:41.113570
24300	486	486	0.683	1	0:06:41.946103
24400	488	488	0.57	1	0:06:40.667051
24500	490	490	0.738	1	0:06:43.307746
24600	492	492	0.922	1	0:06:41.016412
24700	494	398	0.953	0	0:06:42.018396
24800	496	496	0.167	1	0:06:41.903223
24900	498	498	0.953	1	0:06:41.236859
25000	500	500	0.953	1	0:06:41.189793
25100	502	502	0.953	1	0:06:42.012389
25200	504	504	0.016	1	0:06:41.513414
25300	506	506	0.792	1	0:06:40.435411
25400	508	508	0.953	1	0:06:40.135423
25500	510	510	0.953	1	0:06:43.441101
25600	512	740	0.398	0	0:06:41.086297
25700	514	514	0.953	1	0:06:39.932184
25800	516	938	0.00702	0	0:06:39.682724
25900	518	518	0.953	1	0:06:38.898833
26000	520	520	0.953	1	0:06:43.103168
26100	522	522	0.953	1	0:06:39.085371
26200	524	461	0.724	0	0:06:38.358710
26300	526	526	0.163	1	0:06:39.596281
26400	528	-1	0.0	0	0:06:39.936454
26500	530	531	0.953	0	0:06:38.959585
26600	532	532	0.175	1	0:06:41.020814
26700	534	534	0.116	1	0:06:39.183536
26800	536	403	0.839	0	0:06:39.402198
26900	538	538	0.953	1	0:06:39.128434
27000	540	540	0.953	1	0:06:38.004898
27100	542	477	0.163	0	0:06:39.564394
27200	544	926	0.478	0	0:06:40.192851
27300	546	546	0.824	1	0:06:40.223442
27400	548	548	0.953	1	0:06:41.722903
27500	550	505	0.68	0	0:06:41.175976
27600	552	552	0.953	1	0:06:42.377552
27700	554	554	0.849	1	0:06:42.864173
27800	556	421	0.157	0	0:06:38.727075
27900	558	251	0.315	0	0:06:40.962249
28000	560	768	0.33	0	0:06:40.220442
28100	562	562	0.953	1	0:06:41.924065
28200	564	564	0.4	1	0:06:40.676835
28300	566	566	0.877	1	0:06:40.000122
28400	568	399	0.252	0	0:06:41.643679
28500	570	-1	0.0	0	0:06:39.175862
28600	572	418	0.206	0	0:06:38.777208
28700	574	574	0.953	1	0:06:41.383850
28800	576	576	0.175	1	0:06:42.178560
28900	578	578	0.608	1	0:06:39.698298
29000	580	738	0.953	0	0:06:39.321322
29100	582	-1	0.0	0	0:06:43.172930
29200	584	754	0.186	0	0:06:40.009797
29300	586	586	0.953	1	0:06:41.833594
29400	588	588	0.794	1	0:06:41.572612
29500	590	590	0.807	1	0:06:38.536644
29600	592	592	0.953	1	0:06:41.468484
29700	594	843	0.453	0	0:06:39.414098
29800	596	56	0.144	0	0:06:39.735964
29900	598	664	0.881	0	0:06:40.305373
30000	600	517	0.338	0	0:06:42.733652
30100	602	602	0.953	1	0:06:40.634113
30200	604	604	0.475	1	0:06:40.471753
30300	606	606	0.953	1	0:06:40.223991
30400	608	608	0.652	1	0:06:43.199089
30500	610	800	0.155	0	0:06:41.501395
30600	612	612	0.953	1	0:06:43.526602
30700	614	614	0.892	1	0:06:40.045972
30800	616	534	0.173	0	0:06:39.083802
30900	618	828	0.102	0	0:06:39.088815
31000	620	681	0.187	0	0:06:39.026375
31100	622	622	0.953	1	0:06:37.642628
31200	624	453	0.934	0	0:06:38.844055
31300	626	542	0.2	0	0:06:39.625128
31400	628	624	0.0499	0	0:06:39.538171
31500	630	703	0.777	0	0:06:37.593535
31600	632	632	0.935	1	0:06:37.655836
31700	634	489	0.953	0	0:06:38.754213
31800	636	636	0.895	1	0:06:38.943004
31900	638	638	0.952	1	0:06:38.947989
32000	640	640	0.953	1	0:06:39.261736
32100	642	642	0.953	1	0:06:38.419797
32200	644	644	0.953	1	0:06:38.941147
32300	646	646	0.953	1	0:06:40.307863
32400	648	729	0.0757	0	0:06:40.083225
32500	650	546	0.151	0	0:06:39.809229
32600	652	652	0.763	1	0:06:40.760890
32700	654	436	0.415	0	0:06:39.005951
32800	656	656	0.357	1	0:06:42.275481
32900	658	658	0.953	1	0:06:38.685236
33000	660	660	0.575	1	0:06:47.755404
33100	662	662	0.136	1	0:06:48.008434
33200	664	851	0.317	0	0:06:47.523537
33300	666	659	0.661	0	0:06:43.981716
33400	668	-1	0.0	0	0:06:40.352809
33500	670	670	0.953	1	0:06:42.211445
33600	672	672	0.405	1	0:06:41.392614
33700	674	674	0.429	1	0:06:39.912326
33800	676	560	0.111	0	0:06:41.230363
33900	678	678	0.953	1	0:06:41.363983
34000	680	-1	0.0	0	0:06:40.318302
34100	682	682	0.425	1	0:06:41.765655
34200	684	684	0.935	1	0:06:42.307661
34300	686	-1	0.0	0	0:06:40.637893
34400	688	688	0.953	1	0:06:40.847914
34500	690	690	0.217	1	0:06:43.812859
34600	692	-1	0.0	0	0:06:40.270391
34700	694	694	0.953	1	0:06:40.143588
34800	696	-1	0.0	0	0:06:39.779947
34900	698	698	0.0624	1	0:06:26.624694
35000	700	700	0.579	1	0:04:01.707649
35100	702	422	0.913	0	0:04:01.594752
35200	704	704	0.844	1	0:04:01.394177
35300	706	536	0.364	0	0:04:01.647711
35400	708	682	0.953	0	0:04:01.560883
35500	710	710	0.477	1	0:04:01.993954
35600	712	622	0.066	0	0:04:02.108271
35700	714	714	0.704	1	0:04:01.799744
35800	716	716	0.953	1	0:04:01.641984
35900	718	449	0.346	0	0:04:01.483880
36000	720	720	0.492	1	0:04:02.031230
36100	722	722	0.953	1	0:04:01.684557
36200	724	780	0.953	0	0:04:01.666423
36300	726	726	0.953	1	0:04:01.560606
36400	728	728	0.138	1	0:04:01.682144
36500	730	856	0.922	0	0:04:01.413330
36600	732	732	0.953	1	0:04:01.620900
36700	734	734	0.953	1	0:04:01.735487
36800	736	736	0.953	1	0:04:01.891802
36900	738	738	0.768	1	0:04:01.657795
37000	740	-1	0.0	0	0:04:02.045057
37100	742	466	0.0981	0	0:04:01.820323
37200	744	657	0.821	0	0:04:01.763069
37300	746	746	0.953	1	0:04:01.580023
37400	748	748	0.953	1	0:04:01.669658
37500	750	172	0.0825	0	0:04:01.919559
37600	752	-1	0.0	0	0:04:02.118724
37700	754	848	0.536	0	0:04:01.814868
37800	756	756	0.953	1	0:04:01.545341
37900	758	758	0.685	1	0:04:01.761887
38000	760	651	0.26	0	0:04:01.777804
38100	762	762	0.574	1	0:04:02.030383
38200	764	-1	0.0	0	0:04:01.901937
38300	766	766	0.953	1	0:04:01.656962
38400	768	768	0.669	1	0:04:01.570045
38500	770	770	0.337	1	0:04:01.565583
38600	772	772	0.868	1	0:04:01.660661
38700	774	774	0.913	1	0:04:01.586072
38800	776	683	0.301	0	0:04:01.788274
38900	778	707	0.367	0	0:04:01.675112
39000	780	780	0.229	1	0:04:01.781668
39100	782	664	0.776	0	0:04:01.522804
39200	784	823	0.177	0	0:04:01.841018
39300	786	513	0.00201	0	0:04:01.619420
39400	788	743	0.24	0	0:04:01.646585
39500	790	791	0.653	0	0:04:01.498538
39600	792	795	0.325	0	0:04:01.857234
39700	794	794	0.935	1	0:04:01.756353
39800	796	796	0.953	1	0:04:01.729882
39900	798	798	0.953	1	0:04:01.372178
40000	800	800	0.953	1	0:04:01.506286
40100	802	802	0.812	1	0:04:01.164463
40200	804	804	0.372	1	0:04:02.106737
40300	806	806	0.953	1	0:04:01.665180
40400	808	808	0.953	1	0:04:01.698003
40500	810	-1	0.0	0	0:04:01.592041
40600	812	812	0.953	1	0:04:01.797739
40700	814	814	0.269	1	0:04:01.825989
40800	816	816	0.953	1	0:04:01.756156
40900	818	745	0.679	0	0:04:01.629313
41000	820	820	0.419	1	0:04:01.686168
41100	822	822	0.953	1	0:04:01.669694
41200	824	824	0.853	1	0:04:01.447512
41300	826	826	0.862	1	0:04:01.927202
41400	828	618	0.0978	0	0:04:01.741323
41500	830	830	0.323	1	0:04:01.615734
41600	832	832	0.624	1	0:04:01.748437
41700	834	417	0.492	0	0:04:01.699135
41800	836	444	0.562	0	0:04:01.604449
41900	838	631	0.952	0	0:04:01.600039
42000	840	840	0.953	1	0:04:01.629025
42100	842	842	0.125	1	0:04:01.493458
42200	844	844	0.953	1	0:04:01.944428
42300	846	583	0.151	0	0:04:01.564779
42400	848	848	0.588	1	0:04:01.433429
42500	850	850	0.444	1	0:04:02.230177
42600	852	852	0.953	1	0:04:02.006053
42700	854	854	0.514	1	0:04:01.645768
42800	856	856	0.183	1	0:04:01.695630
42900	858	832	0.309	0	0:04:01.787508
43000	860	892	0.88	0	0:04:01.866871
43100	862	862	0.515	1	0:04:01.719008
43200	864	864	0.264	1	0:04:01.834943
43300	866	866	0.28	1	0:04:01.895201
43400	868	968	0.446	0	0:04:01.724586
43500	870	870	0.922	1	0:04:01.764936
43600	872	840	0.425	0	0:04:01.723275
43700	874	874	0.953	1	0:04:01.757100
43800	876	648	0.688	0	0:04:01.352436
43900	878	878	0.953	1	0:04:01.879287
44000	880	870	0.659	0	0:04:01.695519
44100	882	526	0.000469	0	0:04:01.769907
44200	884	884	0.953	1	0:04:01.610924
44300	886	886	0.953	1	0:04:01.706062
44400	888	718	0.953	0	0:04:01.613771
44500	890	890	0.865	1	0:04:01.788987
44600	892	442	0.643	0	0:04:01.568675
44700	894	894	0.953	1	0:04:01.517472
44800	896	896	0.553	1	0:04:01.835355
44900	898	-1	0.0	0	0:04:02.028052
45000	900	900	0.953	1	0:04:01.782482
45100	902	902	0.953	1	0:04:01.522131
45200	904	905	0.875	0	0:04:01.431154
45300	906	906	0.935	1	0:04:01.663211
45400	908	895	0.749	0	0:04:01.627079
45500	910	910	0.0398	1	0:04:01.689956
45600	912	912	0.555	1	0:04:01.971003
45700	914	914	0.953	1	0:04:01.517821
45800	916	916	0.953	1	0:04:01.504883
45900	918	918	0.953	1	0:04:01.534402
46000	920	672	0.395	0	0:04:01.720550
46100	922	922	0.953	1	0:04:01.810319
46200	924	924	0.727	1	0:04:01.448204
46300	926	926	0.953	1	0:04:01.779591
46400	928	927	0.407	0	0:04:01.657122
46500	930	964	0.0771	0	0:04:01.761936
46600	932	932	0.504	1	0:04:01.647805
46700	934	934	0.445	1	0:04:01.522479
46800	936	936	0.953	1	0:04:01.385596
46900	938	938	0.594	1	0:04:01.731015
47000	940	940	0.383	1	0:04:01.702752
47100	942	942	0.953	1	0:04:01.539929
47200	944	946	0.933	0	0:04:03.554160
47300	946	946	0.953	1	0:04:02.224197
47400	948	948	0.953	1	0:04:01.671323
47500	950	950	0.898	1	0:04:02.054203
47600	952	90	0.953	0	0:04:01.848004
47700	954	954	0.154	1	0:04:01.793236
47800	956	956	0.953	1	0:04:02.053321
47900	958	483	0.711	0	0:04:02.265475
48000	960	960	0.764	1	0:04:01.997514
48100	962	962	0.953	1	0:04:01.911831
48200	964	961	0.26	0	0:04:02.108890
48300	966	630	0.533	0	0:04:01.929136
48400	968	968	0.953	1	0:04:01.739200
48500	970	795	0.953	0	0:04:02.553489
48600	972	979	0.953	0	0:04:02.142551
48700	974	974	0.953	1	0:04:02.468068
48800	976	-1	0.0	0	0:04:02.538554
48900	978	701	0.311	0	0:04:02.449905
49000	980	980	0.953	1	0:04:02.360068
49100	982	982	0.953	1	0:04:02.914983
49200	984	984	0.953	1	0:04:02.459725
49300	986	986	0.953	1	0:04:02.426448
49400	988	988	0.647	1	0:04:02.373139
49500	990	990	0.518	1	0:04:02.566037
49600	992	992	0.953	1	0:04:02.470433
49700	994	994	0.953	1	0:04:02.771012
49800	996	996	0.872	1	0:04:02.563128
49900	998	-1	0.0	0	0:04:02.294511
