0	0	394	0.0983	0	0:04:01.784876
100	2	2	2.35	1	0:04:02.553530
200	4	-1	0.0	0	0:04:02.690816
300	6	6	0.973	1	0:04:02.502534
400	8	8	0.494	1	0:04:02.605623
500	10	10	2.78	1	0:04:02.015700
600	12	835	0.629	0	0:04:02.535482
700	14	14	3.57	1	0:04:02.621718
800	16	16	1.65	1	0:04:02.624385
900	18	99	1.06	0	0:04:02.371624
1000	20	20	2.33	1	0:04:02.273507
1100	22	21	0.935	0	0:04:02.550015
1200	24	24	3.81	1	0:04:02.203529
1300	26	26	0.551	1	0:04:02.219502
1400	28	76	0.105	0	0:04:02.566412
1500	30	30	2.38	1	0:04:02.357989
1600	32	103	0.506	0	0:04:02.067050
1700	34	-1	0.0	0	0:04:02.109620
1800	36	35	2.51	0	0:04:01.850788
1900	38	44	2.06	0	0:04:02.125871
2000	40	-1	0.0	0	0:04:02.059739
2100	42	48	0.924	0	0:04:02.042225
2200	44	44	1.92	1	0:04:02.182996
2300	46	40	2.81	0	0:04:02.476807
2400	48	69	0.255	0	0:04:02.128731
2500	50	47	0.809	0	0:04:02.199863
2600	52	329	0.671	0	0:04:01.881340
2700	54	57	3.74	0	0:04:02.152873
2800	56	56	3.52	1	0:04:02.154714
2900	58	-1	0.0	0	0:04:02.510122
3000	60	61	2.95	0	0:04:02.156917
3100	62	61	2.02	0	0:04:02.450827
3200	64	64	2.19	1	0:04:02.486578
3300	66	-1	0.0	0	0:04:01.978887
3400	68	111	2.59	0	0:04:02.194281
3500	70	70	3.81	1	0:04:02.028820
3600	72	72	2.84	1	0:04:02.144398
3700	74	78	0.295	0	0:04:02.049383
3800	76	76	0.112	1	0:04:02.333086
3900	78	78	0.785	1	0:04:02.138315
4000	80	80	3.74	1	0:04:02.016540
4100	82	82	1.48	1	0:04:02.351549
4200	84	-1	0.0	0	0:04:02.258066
4300	86	83	0.178	0	0:04:02.016265
4400	88	954	1.09	0	0:04:02.070960
4500	90	90	2.14	1	0:04:02.062302
4600	92	14	0.733	0	0:04:02.157025
4700	94	94	3.04	1	0:04:02.098471
4800	96	96	3.81	1	0:04:02.329562
4900	98	-1	0.0	0	0:04:02.353504
5000	100	100	3.81	1	0:04:02.326146
5100	102	316	0.0231	0	0:04:01.951142
5200	104	342	1.93	0	0:04:02.208204
5300	106	106	2.98	1	0:04:02.252356
5400	108	470	1.11	0	0:04:02.132529
5500	110	110	2.76	1	0:04:01.861556
5600	112	112	0.112	1	0:04:01.917627
5700	114	113	1.65	0	0:04:02.486255
5800	116	116	3.21	1	0:04:02.186127
5900	118	118	1.68	1	0:04:02.473910
6000	120	316	0.524	0	0:04:02.172072
6100	122	122	3.25	1	0:04:01.949588
6200	124	-1	0.0	0	0:04:02.081982
6300	126	363	0.365	0	0:04:02.582488
6400	128	128	3.59	1	0:04:02.078454
6500	130	130	0.585	1	0:04:02.477953
6600	132	132	2.34	1	0:04:02.042298
6700	134	132	0.696	0	0:04:02.056511
6800	136	136	3.81	1	0:04:02.148394
6900	138	138	1.63	1	0:04:02.025425
7000	140	140	3.81	1	0:04:02.235376
7100	142	133	1.09	0	0:04:02.167795
7200	144	331	1.93	0	0:04:02.263304
7300	146	-1	0.0	0	0:04:01.828350
7400	148	148	3.81	1	0:04:01.923080
7500	150	360	0.5	0	0:04:02.216569
7600	152	152	2.41	1	0:04:02.221556
7700	154	260	1.22	0	0:04:02.203428
7800	156	156	3.16	1	0:04:02.079789
7900	158	158	0.631	1	0:04:02.574052
8000	160	160	1.37	1	0:04:02.167571
8100	162	162	1.28	1	0:04:02.436165
8200	164	217	0.795	0	0:04:01.918321
8300	166	162	1.56	0	0:04:02.498251
8400	168	739	0.737	0	0:04:02.247536
8500	170	-1	0.0	0	0:04:02.244668
8600	172	172	0.494	1	0:04:02.210885
8700	174	254	0.565	0	0:04:02.608290
8800	176	176	2.16	1	0:04:02.187889
8900	178	178	2.93	1	0:04:02.619736
9000	180	-1	0.0	0	0:04:02.360539
9100	182	760	1.47	0	0:04:02.067603
9200	184	-1	0.0	0	0:04:01.980484
9300	186	192	0.284	0	0:04:02.539292
9400	188	-1	0.0	0	0:04:01.966981
9500	190	190	3.81	1	0:04:02.616494
9600	192	-1	0.0	0	0:04:02.246464
9700	194	-1	0.0	0	0:04:02.092049
9800	196	199	0.609	0	0:04:02.513819
9900	198	194	0.731	0	0:04:02.298156
10000	200	200	1.21	1	0:04:03.472256
10100	202	202	1.37	1	0:04:02.965614
10200	204	204	2.41	1	0:04:01.919818
10300	206	-1	0.0	0	0:04:01.875782
10400	208	210	0.366	0	0:04:01.926536
10500	210	210	1.71	1	0:04:01.874184
10600	212	-1	0.0	0	0:04:01.936937
10700	214	197	0.297	0	0:04:02.034576
10800	216	216	0.621	1	0:04:01.827962
10900	218	218	3.81	1	0:04:02.243560
11000	220	220	2.21	1	0:04:01.912369
11100	222	-1	0.0	0	0:04:01.504282
11200	224	-1	0.0	0	0:04:02.083498
11300	226	226	2.2	1	0:04:02.424703
11400	228	228	0.384	1	0:04:02.205148
11500	230	230	2.01	1	0:04:02.256871
11600	232	232	0.441	1	0:04:02.283374
11700	234	205	1.1	0	0:04:02.012402
11800	236	522	0.268	0	0:04:01.843874
11900	238	241	2.8	0	0:04:01.893233
12000	240	238	2.37	0	0:04:01.771361
12100	242	172	0.358	0	0:04:02.002266
12200	244	244	2.59	1	0:04:01.790298
12300	246	212	0.367	0	0:04:02.018858
12400	248	-1	0.0	0	0:04:01.818755
12500	250	269	0.176	0	0:04:01.657897
12600	252	-1	0.0	0	0:04:01.686697
12700	254	254	0.0522	1	0:04:02.131917
12800	256	256	3.54	1	0:04:01.931689
12900	258	258	0.257	1	0:04:01.896907
13000	260	260	2.77	1	0:04:01.626416
13100	262	262	3.06	1	0:04:01.521457
13200	264	264	1.57	1	0:04:01.793667
13300	266	-1	0.0	0	0:04:01.741660
13400	268	268	2.1	1	0:04:01.682692
13500	270	270	2.51	1	0:04:02.199736
13600	272	-1	0.0	0	0:04:02.003788
13700	274	274	2.62	1	0:04:01.705821
13800	276	276	3.23	1	0:04:01.485816
13900	278	278	1.7	1	0:04:01.509052
14000	280	280	2.25	1	0:04:01.685507
14100	282	285	1.11	0	0:04:01.729002
14200	284	284	3.81	1	0:04:01.750132
14300	286	286	3.69	1	0:04:01.807795
14400	288	288	1.2	1	0:04:02.026607
14500	290	290	2.67	1	0:04:01.797432
14600	292	290	3.15	0	0:04:01.770280
14700	294	294	3.21	1	0:04:01.620555
14800	296	296	0.132	1	0:04:01.641891
14900	298	346	0.0625	0	0:04:01.730298
15000	300	300	2.13	1	0:04:01.785634
15100	302	-1	0.0	0	0:04:01.895831
15200	304	989	0.834	0	0:04:01.823563
15300	306	316	0.00951	0	0:04:01.868853
15400	308	303	0.766	0	0:04:01.957850
15500	310	310	1.94	1	0:04:02.063156
15600	312	183	0.014	0	0:04:02.937725
15700	314	304	2.72	0	0:04:01.678722
15800	316	316	2.35	1	0:04:01.636691
15900	318	324	0.402	0	0:04:01.683042
16000	320	320	3.81	1	0:04:01.444918
16100	322	309	0.591	0	0:04:02.119817
16200	324	324	3.81	1	0:04:01.466736
16300	326	326	2.19	1	0:04:01.796843
16400	328	328	3.81	1	0:04:01.958518
16500	330	-1	0.0	0	0:04:01.978226
16600	332	265	0.72	0	0:04:01.681293
16700	334	334	1.28	1	0:04:01.874391
16800	336	373	1.1	0	0:04:01.859453
16900	338	617	0.88	0	0:04:02.520604
17000	340	340	3.81	1	0:04:01.755172
17100	342	373	0.861	0	0:04:01.654563
17200	344	344	0.837	1	0:04:01.904282
17300	346	-1	0.0	0	0:04:01.658086
17400	348	350	0.0316	0	0:04:01.630507
17500	350	350	3.81	1	0:04:01.489598
17600	352	352	0.392	1	0:04:01.984334
17700	354	354	1.15	1	0:04:01.581852
17800	356	329	0.044	0	0:04:01.698298
17900	358	359	0.464	0	0:04:01.763613
18000	360	360	0.979	1	0:04:01.589891
18100	362	362	3.81	1	0:04:01.386738
18200	364	364	2.23	1	0:04:01.868325
18300	366	366	0.248	1	0:04:01.978569
18400	368	376	0.0669	0	0:04:01.888464
18500	370	370	3.3	1	0:04:01.795448
18600	372	372	0.213	1	0:04:01.902100
18700	374	367	0.0172	0	0:04:01.798671
18800	376	376	1.74	1	0:04:01.949634
18900	378	-1	0.0	0	0:04:01.583233
19000	380	380	1.3	1	0:04:01.531382
19100	382	382	2.26	1	0:04:01.623289
19200	384	284	0.54	0	0:04:01.746716
19300	386	-1	0.0	0	0:04:01.768414
19400	388	388	2.09	1	0:04:01.695624
19500	390	392	1.16	0	0:04:01.761249
19600	392	397	3.31	0	0:04:01.925582
19700	394	-1	0.0	0	0:04:01.874524
19800	396	396	3.81	1	0:04:02.005165
19900	398	398	2.77	1	0:04:01.672147
20000	400	-1	0.0	0	0:04:01.874659
20100	402	990	0.29	0	0:04:01.928874
20200	404	404	3.06	1	0:04:01.528535
20300	406	406	0.419	1	0:04:01.732526
20400	408	-1	0.0	0	0:04:01.720016
20500	410	-1	0.0	0	0:04:01.814671
20600	412	412	1.75	1	0:04:02.002527
20700	414	414	2.57	1	0:04:01.789387
20800	416	416	3.81	1	0:04:01.715489
20900	418	563	1.84	0	0:04:01.822808
21000	420	-1	0.0	0	0:04:01.857760
21100	422	-1	0.0	0	0:04:02.027539
21200	424	-1	0.0	0	0:04:01.786594
21300	426	426	3.28	1	0:04:01.778113
21400	428	428	2.1	1	0:04:01.851233
21500	430	430	1.03	1	0:04:01.984204
21600	432	432	1.26	1	0:04:01.453817
21700	434	452	1.05	0	0:04:01.682783
21800	436	436	3.51	1	0:04:01.454128
21900	438	521	0.937	0	0:04:01.704166
22000	440	-1	0.0	0	0:04:01.856924
22100	442	442	3.74	1	0:04:01.783666
22200	444	808	0.532	0	0:04:02.167438
22300	446	-1	0.0	0	0:04:02.039845
22400	448	694	0.343	0	0:04:02.062143
22500	450	-1	0.0	0	0:04:02.328129
22600	452	452	0.125	1	0:04:01.811098
22700	454	582	0.949	0	0:04:01.832673
22800	456	522	1.9	0	0:04:01.942444
22900	458	-1	0.0	0	0:04:01.724335
23000	460	976	1.89	0	0:04:02.088515
23100	462	-1	0.0	0	0:04:01.881730
23200	464	439	0.683	0	0:04:01.863393
23300	466	466	3.54	1	0:04:01.673779
23400	468	468	3.8	1	0:04:01.485058
23500	470	410	0.488	0	0:04:01.946912
23600	472	472	3.55	1	0:04:01.898966
23700	474	735	0.0388	0	0:04:01.636695
23800	476	476	1.33	1	0:04:01.927004
23900	478	745	0.16	0	0:04:01.472084
24000	480	877	2.63	0	0:04:01.788057
24100	482	788	1.36	0	0:04:01.614268
24200	484	871	3.81	0	0:04:01.563482
24300	486	486	3.15	1	0:04:01.719893
24400	488	483	0.653	0	0:04:01.409265
24500	490	-1	0.0	0	0:04:01.718019
24600	492	565	0.25	0	0:04:01.565481
24700	494	878	1.58	0	0:04:01.535892
24800	496	-1	0.0	0	0:04:01.789759
24900	498	498	3.52	1	0:04:01.725659
25000	500	500	2.98	1	0:04:01.814341
25100	502	502	2.11	1	0:04:01.770971
25200	504	-1	0.0	0	0:04:01.873109
25300	506	506	1.54	1	0:04:02.021454
25400	508	508	3.78	1	0:04:01.594270
25500	510	510	2.4	1	0:04:01.706037
25600	512	488	0.847	0	0:04:01.789321
25700	514	514	3.81	1	0:04:01.639565
25800	516	938	0.17	0	0:04:01.955692
25900	518	518	3.81	1	0:04:01.961356
26000	520	520	0.896	1	0:04:01.889537
26100	522	522	2.15	1	0:04:01.850650
26200	524	760	0.0217	0	0:04:01.868539
26300	526	673	0.447	0	0:04:01.614404
26400	528	478	1.42	0	0:04:02.324357
26500	530	-1	0.0	0	0:04:01.963292
26600	532	846	2.11	0	0:04:03.621858
26700	534	534	0.302	1	0:04:08.019983
26800	536	403	1.65	0	0:04:07.410600
26900	538	538	3.81	1	0:04:02.688701
27000	540	540	2.81	1	0:04:05.026394
27100	542	-1	0.0	0	0:04:14.987118
27200	544	926	1.22	0	0:04:30.358311
27300	546	546	3.52	1	0:04:34.327955
27400	548	548	2.55	1	0:04:50.340964
27500	550	550	0.951	1	0:04:05.686000
27600	552	552	3.81	1	0:04:06.708030
27700	554	554	2.57	1	0:04:01.655727
27800	556	516	0.771	0	0:04:01.491106
27900	558	257	1.39	0	0:04:01.634981
28000	560	560	0.704	1	0:04:01.851077
28100	562	562	2.62	1	0:04:01.800615
28200	564	669	0.136	0	0:04:01.737486
28300	566	-1	0.0	0	0:04:01.725915
28400	568	399	1.92	0	0:04:01.458060
28500	570	613	0.341	0	0:04:01.777504
28600	572	840	0.214	0	0:04:01.929696
28700	574	574	3.81	1	0:04:02.088535
28800	576	-1	0.0	0	0:04:01.794645
28900	578	578	0.299	1	0:04:01.675537
29000	580	-1	0.0	0	0:04:01.835274
29100	582	-1	0.0	0	0:04:01.843831
29200	584	551	0.577	0	0:04:01.610753
29300	586	586	2.07	1	0:04:01.767841
29400	588	588	2.72	1	0:04:01.688412
29500	590	782	1.57	0	0:04:01.868086
29600	592	592	0.208	1	0:04:01.678715
29700	594	-1	0.0	0	0:04:01.694341
29800	596	825	2.62	0	0:04:01.773345
29900	598	598	2.17	1	0:04:01.639344
30000	600	417	0.84	0	0:04:01.466448
30100	602	602	3.81	1	0:04:02.114104
30200	604	799	0.675	0	0:04:01.505307
30300	606	606	3.1	1	0:04:01.389362
30400	608	523	1.25	0	0:04:01.780437
30500	610	610	1.41	1	0:04:01.756098
30600	612	612	3.81	1	0:04:02.084497
30700	614	614	0.29	1	0:04:01.970433
30800	616	594	0.667	0	0:04:01.816534
30900	618	823	0.281	0	0:04:01.818512
31000	620	617	1.19	0	0:04:01.911738
31100	622	622	3.81	1	0:04:01.481316
31200	624	453	0.135	0	0:04:01.556978
31300	626	692	1.38	0	0:04:02.158321
31400	628	624	1.25	0	0:04:01.800281
31500	630	703	0.927	0	0:04:01.678557
31600	632	632	3.55	1	0:04:01.980990
31700	634	489	3.22	0	0:04:01.692380
31800	636	636	3.04	1	0:04:01.810880
31900	638	445	3.62	0	0:04:02.335712
32000	640	640	3.69	1	0:04:01.783016
32100	642	642	3.34	1	0:04:02.090226
32200	644	644	3.69	1	0:04:02.091290
32300	646	545	3.11	0	0:04:01.855455
32400	648	-1	0.0	0	0:04:01.700503
32500	650	546	0.281	0	0:04:01.539284
32600	652	652	1.86	1	0:04:01.844152
32700	654	656	3.72	0	0:04:01.419410
32800	656	656	1.97	1	0:04:01.862539
32900	658	658	3.81	1	0:04:01.794284
33000	660	660	2.77	1	0:04:02.116613
33100	662	549	0.0387	0	0:04:01.829219
33200	664	598	0.326	0	0:04:01.904608
33300	666	666	0.192	1	0:04:01.761585
33400	668	123	0.39	0	0:04:01.615685
33500	670	670	2.29	1	0:04:01.963129
33600	672	979	1.48	0	0:04:01.518356
33700	674	448	0.644	0	0:04:02.106914
33800	676	-1	0.0	0	0:04:01.789993
33900	678	678	1.88	1	0:04:01.629949
34000	680	438	0.504	0	0:04:01.830879
34100	682	682	2.01	1	0:04:01.653089
34200	684	684	2.22	1	0:04:01.748839
34300	686	758	0.987	0	0:04:02.470516
34400	688	688	3.81	1	0:04:01.918036
34500	690	690	2.04	1	0:04:01.760980
34600	692	-1	0.0	0	0:04:01.947886
34700	694	694	3.81	1	0:04:02.648746
34800	696	-1	0.0	0	0:04:01.838050
34900	698	663	3.74	0	0:04:01.818726
35000	700	831	2.07	0	0:04:01.722098
35100	702	890	0.857	0	0:04:02.939901
35200	704	877	0.42	0	0:04:01.299921
35300	706	536	2.45	0	0:04:01.264356
35400	708	682	3.35	0	0:04:01.180795
35500	710	414	0.0386	0	0:04:01.506103
35600	712	-1	0.0	0	0:04:01.276856
35700	714	714	3.05	1	0:04:02.282092
35800	716	716	0.549	1	0:04:01.440887
35900	718	425	0.386	0	0:04:01.168371
36000	720	951	1.02	0	0:04:01.471583
36100	722	722	2.85	1	0:04:01.369865
36200	724	780	3.81	0	0:04:01.334575
36300	726	726	1.94	1	0:04:01.500383
36400	728	728	1.26	1	0:04:01.279095
36500	730	-1	0.0	0	0:04:01.406087
36600	732	732	1.58	1	0:04:01.298178
36700	734	734	2.56	1	0:04:01.444139
36800	736	736	3.81	1	0:04:01.196826
36900	738	738	1.5	1	0:04:01.363364
37000	740	450	0.0169	0	0:04:01.414982
37100	742	-1	0.0	0	0:04:01.554039
37200	744	442	1.98	0	0:04:01.284787
37300	746	746	3.81	1	0:04:01.662150
37400	748	748	1.13	1	0:04:01.278661
37500	750	257	0.469	0	0:04:01.189442
37600	752	765	0.444	0	0:04:01.614443
37700	754	508	0.113	0	0:04:01.564161
37800	756	756	3.81	1	0:04:01.360117
37900	758	726	0.761	0	0:04:01.353483
38000	760	799	2.2	0	0:04:01.546575
38100	762	762	2.05	1	0:04:01.027264
38200	764	-1	0.0	0	0:04:01.500834
38300	766	766	3.81	1	0:04:01.213902
38400	768	-1	0.0	0	0:04:01.433280
38500	770	-1	0.0	0	0:04:01.250577
38600	772	-1	0.0	0	0:04:01.577606
38700	774	-1	0.0	0	0:04:01.503100
38800	776	843	0.43	0	0:04:01.368680
38900	778	747	2.74	0	0:04:01.848028
39000	780	914	2.1	0	0:04:01.817636
39100	782	598	1.37	0	0:04:02.233222
39200	784	891	0.0134	0	0:04:02.534511
39300	786	665	0.166	0	0:04:01.587021
39400	788	422	0.379	0	0:04:01.500499
39500	790	830	2.44	0	0:04:01.105803
39600	792	792	2.26	1	0:04:01.460291
39700	794	794	2.68	1	0:04:01.439699
39800	796	796	3.81	1	0:04:01.178070
39900	798	798	1.18	1	0:04:01.050697
40000	800	800	2.55	1	0:04:01.415939
40100	802	802	1.96	1	0:04:01.655469
40200	804	844	0.937	0	0:04:01.583548
40300	806	806	0.346	1	0:04:01.461520
40400	808	-1	0.0	0	0:04:01.494872
40500	810	0	nan	0	0:04:01.812969
40600	812	812	3.81	1	0:04:02.715937
40700	814	628	0.62	0	0:04:01.316479
40800	816	816	2.03	1	0:04:01.230253
40900	818	-1	0.0	0	0:04:01.363789
41000	820	498	0.305	0	0:04:01.167003
41100	822	822	3.65	1	0:04:01.401302
41200	824	-1	0.0	0	0:04:01.314883
41300	826	-1	0.0	0	0:04:01.250731
41400	828	818	2.6	0	0:04:01.391806
41500	830	-1	0.0	0	0:04:01.130619
41600	832	832	1.48	1	0:04:02.060006
41700	834	417	0.488	0	0:04:01.380258
41800	836	444	0.502	0	0:04:01.329437
41900	838	478	0.311	0	0:04:01.325349
42000	840	-1	0.0	0	0:04:01.247670
42100	842	842	1.51	1	0:04:01.204778
42200	844	844	3.08	1	0:04:01.023966
42300	846	532	0.134	0	0:04:01.218001
42400	848	543	0.442	0	0:04:01.425766
42500	850	584	1.03	0	0:04:01.484669
42600	852	852	3.81	1	0:04:00.937682
42700	854	-1	0.0	0	0:04:01.194545
42800	856	856	0.18	1	0:04:01.224613
42900	858	-1	0.0	0	0:04:01.137159
43000	860	941	0.514	0	0:04:01.232073
43100	862	-1	0.0	0	0:04:01.700864
43200	864	-1	0.0	0	0:04:01.489980
43300	866	-1	0.0	0	0:04:01.341861
43400	868	967	0.39	0	0:04:01.579719
43500	870	-1	0.0	0	0:04:01.342865
43600	872	-1	0.0	0	0:04:01.433845
43700	874	874	3.81	1	0:04:01.375167
43800	876	648	2.48	0	0:04:01.257824
43900	878	878	2.35	1	0:04:00.907148
44000	880	621	0.0926	0	0:04:01.433867
44100	882	760	0.341	0	0:04:01.293287
44200	884	884	1.88	1	0:04:00.982660
44300	886	886	2.51	1	0:04:05.402355
44400	888	718	1.17	0	0:04:55.075023
44500	890	890	2.56	1	0:04:46.076979
44600	892	858	2.34	0	0:04:09.568524
44700	894	894	2.76	1	0:04:12.024203
44800	896	430	0.051	0	0:04:17.862733
44900	898	458	1.31	0	0:04:28.324246
45000	900	900	2.51	1	0:04:27.086709
45100	902	902	3.52	1	0:04:21.525456
45200	904	905	2.84	0	0:05:44.738859
45300	906	906	2.45	1	0:06:40.274709
45400	908	12	0.182	0	0:06:42.921619
45500	910	641	3.46	0	0:06:39.371356
45600	912	730	0.829	0	0:06:43.130464
45700	914	914	3.53	1	0:06:39.369908
45800	916	916	3.81	1	0:06:38.156698
45900	918	918	2.48	1	0:06:39.694343
46000	920	-1	0.0	0	0:06:39.834844
46100	922	922	3.34	1	0:06:39.089779
46200	924	924	1.74	1	0:06:38.942821
46300	926	926	3.81	1	0:06:39.989923
46400	928	332	0.212	0	0:06:38.980131
46500	930	964	3.17	0	0:06:38.978425
46600	932	932	1.64	1	0:06:38.067578
46700	934	937	0.321	0	0:06:42.210440
46800	936	936	1.8	1	0:06:40.549758
46900	938	937	2.08	0	0:06:42.087964
47000	940	-1	0.0	0	0:06:39.915366
47100	942	942	3.74	1	0:06:42.609746
47200	944	946	3.67	0	0:06:41.538026
47300	946	946	3.81	1	0:06:41.324756
47400	948	948	2.61	1	0:06:40.038623
47500	950	950	2.34	1	0:06:42.798290
47600	952	90	3.81	0	0:06:40.129518
47700	954	955	0.0786	0	0:06:42.449030
47800	956	956	2.43	1	0:06:40.636784
47900	958	483	3.47	0	0:06:42.656497
48000	960	213	0.349	0	0:06:40.923559
48100	962	962	0.784	1	0:06:41.932071
48200	964	-1	0.0	0	0:06:40.430723
48300	966	-1	0.0	0	0:06:42.447159
48400	968	968	1.66	1	0:06:42.846439
48500	970	795	3.32	0	0:06:42.254430
48600	972	979	2.22	0	0:06:42.278516
48700	974	974	3.81	1	0:06:44.934644
48800	976	-1	0.0	0	0:06:41.909875
48900	978	693	0.232	0	0:06:42.049812
49000	980	980	3.81	1	0:06:44.199193
49100	982	982	1.5	1	0:06:43.557328
49200	984	984	3.81	1	0:06:42.257910
49300	986	986	3.81	1	0:06:43.640330
49400	988	112	0.242	0	0:06:43.033325
49500	990	952	2.33	0	0:06:42.852560
49600	992	992	2.2	1	0:06:44.584675
49700	994	994	3.42	1	0:06:42.482605
49800	996	996	0.829	1	0:06:42.215945
49900	998	0	nan	0	0:06:45.115927
